1	[[-0.20099399  0.54254123  0.32363577 -0.1236745   0.33024503  0.86633116]
 [-0.73933818 -0.3699384  -0.78088126 -0.07746092 -0.06335465  0.56849872]
 [-0.69506975 -0.28448927  0.51632074 -0.70503812 -0.419362    0.48635105]
 [ 0.78466172  0.39762227 -0.50198138 -0.03827752 -0.95281582  0.98671081]
 [-0.37336986 -0.08541612  0.45259462 -0.6804236  -0.19246776  0.61988128]
 [-0.71607761  0.64345463 -0.49308831 -0.20611747  0.29345014 -0.36737532]]
1	[[ 0.6763139   0.11677441 -0.58834603 -0.8277931  -0.69991363  0.93933107]
 [ 0.67153155  0.42281432 -0.79865354 -0.46443088 -0.74491845 -0.06638129]
 [-0.36721559 -0.33663195 -0.70237852  0.8530308  -0.9224443   0.1497478 ]
 [ 0.81505631  0.93724667 -0.88688851 -0.9007989   0.53762824  0.59235754]
 [-0.47590036 -0.81525836 -0.60603866 -0.75218983 -0.60506369  0.49049554]
 [ 0.26861565 -0.17942339 -0.37018424  0.65850704 -0.78221119  0.56630596]]
1	[[ 0.6763139   0.11677441 -0.58834603 -0.8277931  -0.69991363  0.93933107]
 [ 0.67153155  0.42281432 -0.79865354 -0.46443088 -0.74491845 -0.06638129]
 [-0.36721559 -0.33663195 -0.70237852  0.8530308  -0.9224443   0.1497478 ]
 [ 0.81505631  0.93724667 -0.88688851 -0.9007989   0.53762824  0.59235754]
 [-0.47590036 -0.81525836 -0.60603866 -0.75218983 -0.60506369  0.49049554]
 [ 0.26861565 -0.17942339 -0.37018424  0.65850704 -0.78221119  0.56630596]]
2	[[ 0.6763139   0.11677441 -0.58834603 -0.8277931  -0.69991363  0.93933107]
 [ 0.67153155  0.42281432 -0.79865354 -0.46443088 -0.74491845 -0.06638129]
 [-0.36721559 -0.33663195 -0.70237852  0.8530308  -0.9224443   0.1497478 ]
 [ 0.81505631  0.93724667 -0.88688851 -0.9007989   0.53762824  0.59235754]
 [-0.47590036 -0.81525836 -0.60603866 -0.75218983 -0.60506369  0.49049554]
 [ 0.26861565 -0.17942339 -0.37018424  0.65850704 -0.78221119  0.56630596]]
3	[[ 0.6763139   0.11677441 -0.58834603 -0.8277931  -0.69991363  0.93933107]
 [ 0.67153155  0.42281432 -0.79865354 -0.46443088 -0.74491845 -0.06638129]
 [-0.36721559 -0.33663195 -0.70237852  0.8530308  -0.9224443   0.1497478 ]
 [ 0.81505631  0.93724667 -0.88688851 -0.9007989   0.53762824  0.59235754]
 [-0.47590036 -0.81525836 -0.60603866 -0.75218983 -0.60506369  0.49049554]
 [ 0.26861565 -0.17942339 -0.37018424  0.65850704 -0.78221119  0.56630596]]
4	[[ 0.6763139   0.11677441 -0.58834603 -0.8277931  -0.69991363  0.93933107]
 [ 0.67153155  0.42281432 -0.79865354 -0.46443088 -0.74491845 -0.06638129]
 [-0.36721559 -0.33663195 -0.70237852  0.8530308  -0.9224443   0.1497478 ]
 [ 0.81505631  0.93724667 -0.88688851 -0.9007989   0.53762824  0.59235754]
 [-0.47590036 -0.81525836 -0.60603866 -0.75218983 -0.60506369  0.49049554]
 [ 0.26861565 -0.17942339 -0.37018424  0.65850704 -0.78221119  0.56630596]]
1	[[-0.17118205 -0.37115772 -0.8747208  -0.46336995]
 [-0.84233456 -0.14073374  0.42462031  0.51463493]
 [ 0.15128565 -0.34539109  0.03872182  0.92917471]
 [-0.63623372 -0.01208424 -0.14633539  0.88094693]
 [ 0.14639134 -0.01385615 -0.7777338  -0.55890279]
 [-0.91172938 -0.00368506 -0.16155196 -0.18156509]]
1	[[-0.17118205 -0.37115772 -0.8747208  -0.46336995]
 [-0.84233456 -0.14073374  0.42462031  0.51463493]
 [ 0.15128565 -0.34539109  0.03872182  0.92917471]
 [-0.63623372 -0.01208424 -0.14633539  0.88094693]
 [ 0.14639134 -0.01385615 -0.7777338  -0.55890279]
 [-0.91172938 -0.00368506 -0.16155196 -0.18156509]]
1	[[-0.17118205 -0.37115772 -0.8747208  -0.46336995]
 [-0.84233456 -0.14073374  0.42462031  0.51463493]
 [ 0.15128565 -0.34539109  0.03872182  0.92917471]
 [-0.63623372 -0.01208424 -0.14633539  0.88094693]
 [ 0.14639134 -0.01385615 -0.7777338  -0.55890279]
 [-0.91172938 -0.00368506 -0.16155196 -0.18156509]]
1	[[ 0.5850541   0.36547118 -0.75193316  0.63086331]
 [ 0.07391116 -0.53048554  0.54112052  0.66699845]
 [ 0.92996644  0.04263614 -0.2583902  -0.00294969]
 [ 0.30877558 -0.03560493 -0.33880831 -0.220293  ]
 [ 0.01601197  0.41369307 -0.63824922  0.12256891]
 [ 0.54359175 -0.99914378 -0.9958153   0.70300911]]
2	[[ 0.5850541   0.36547118 -0.75193316  0.63086331]
 [ 0.07391116 -0.53048554  0.54112052  0.66699845]
 [ 0.92996644  0.04263614 -0.2583902  -0.00294969]
 [ 0.30877558 -0.03560493 -0.33880831 -0.220293  ]
 [ 0.01601197  0.41369307 -0.63824922  0.12256891]
 [ 0.54359175 -0.99914378 -0.9958153   0.70300911]]
3	[[ 0.5850541   0.36547118 -0.75193316  0.63086331]
 [ 0.07391116 -0.53048554  0.54112052  0.66699845]
 [ 0.92996644  0.04263614 -0.2583902  -0.00294969]
 [ 0.30877558 -0.03560493 -0.33880831 -0.220293  ]
 [ 0.01601197  0.41369307 -0.63824922  0.12256891]
 [ 0.54359175 -0.99914378 -0.9958153   0.70300911]]
4	[[ 0.5850541   0.36547118 -0.75193316  0.63086331]
 [ 0.07391116 -0.53048554  0.54112052  0.66699845]
 [ 0.92996644  0.04263614 -0.2583902  -0.00294969]
 [ 0.30877558 -0.03560493 -0.33880831 -0.220293  ]
 [ 0.01601197  0.41369307 -0.63824922  0.12256891]
 [ 0.54359175 -0.99914378 -0.9958153   0.70300911]]
5	[[ 0.5850541   0.36547118 -0.75193316  0.63086331]
 [ 0.07391116 -0.53048554  0.54112052  0.66699845]
 [ 0.92996644  0.04263614 -0.2583902  -0.00294969]
 [ 0.30877558 -0.03560493 -0.33880831 -0.220293  ]
 [ 0.01601197  0.41369307 -0.63824922  0.12256891]
 [ 0.54359175 -0.99914378 -0.9958153   0.70300911]]
6	[[ 0.5850541   0.36547118 -0.75193316  0.63086331]
 [ 0.07391116 -0.53048554  0.54112052  0.66699845]
 [ 0.92996644  0.04263614 -0.2583902  -0.00294969]
 [ 0.30877558 -0.03560493 -0.33880831 -0.220293  ]
 [ 0.01601197  0.41369307 -0.63824922  0.12256891]
 [ 0.54359175 -0.99914378 -0.9958153   0.70300911]]
7	[[ 0.5850541   0.36547118 -0.75193316  0.63086331]
 [ 0.07391116 -0.53048554  0.54112052  0.66699845]
 [ 0.92996644  0.04263614 -0.2583902  -0.00294969]
 [ 0.30877558 -0.03560493 -0.33880831 -0.220293  ]
 [ 0.01601197  0.41369307 -0.63824922  0.12256891]
 [ 0.54359175 -0.99914378 -0.9958153   0.70300911]]
8	[[ 0.5850541   0.36547118 -0.75193316  0.63086331]
 [ 0.07391116 -0.53048554  0.54112052  0.66699845]
 [ 0.92996644  0.04263614 -0.2583902  -0.00294969]
 [ 0.30877558 -0.03560493 -0.33880831 -0.220293  ]
 [ 0.01601197  0.41369307 -0.63824922  0.12256891]
 [ 0.54359175 -0.99914378 -0.9958153   0.70300911]]
9	[[ 0.5850541   0.36547118 -0.75193316  0.63086331]
 [ 0.07391116 -0.53048554  0.54112052  0.66699845]
 [ 0.92996644  0.04263614 -0.2583902  -0.00294969]
 [ 0.30877558 -0.03560493 -0.33880831 -0.220293  ]
 [ 0.01601197  0.41369307 -0.63824922  0.12256891]
 [ 0.54359175 -0.99914378 -0.9958153   0.70300911]]
10	[[ 0.5850541   0.36547118 -0.75193316  0.63086331]
 [ 0.07391116 -0.53048554  0.54112052  0.66699845]
 [ 0.92996644  0.04263614 -0.2583902  -0.00294969]
 [ 0.30877558 -0.03560493 -0.33880831 -0.220293  ]
 [ 0.01601197  0.41369307 -0.63824922  0.12256891]
 [ 0.54359175 -0.99914378 -0.9958153   0.70300911]]
11	[[ 0.5850541   0.36547118 -0.75193316  0.63086331]
 [ 0.07391116 -0.53048554  0.54112052  0.66699845]
 [ 0.92996644  0.04263614 -0.2583902  -0.00294969]
 [ 0.30877558 -0.03560493 -0.33880831 -0.220293  ]
 [ 0.01601197  0.41369307 -0.63824922  0.12256891]
 [ 0.54359175 -0.99914378 -0.9958153   0.70300911]]
12	[[ 0.5850541   0.36547118 -0.75193316  0.63086331]
 [ 0.07391116 -0.53048554  0.54112052  0.66699845]
 [ 0.92996644  0.04263614 -0.2583902  -0.00294969]
 [ 0.30877558 -0.03560493 -0.33880831 -0.220293  ]
 [ 0.01601197  0.41369307 -0.63824922  0.12256891]
 [ 0.54359175 -0.99914378 -0.9958153   0.70300911]]
13	[[ 0.5850541   0.36547118 -0.75193316  0.63086331]
 [ 0.07391116 -0.53048554  0.54112052  0.66699845]
 [ 0.92996644  0.04263614 -0.2583902  -0.00294969]
 [ 0.30877558 -0.03560493 -0.33880831 -0.220293  ]
 [ 0.01601197  0.41369307 -0.63824922  0.12256891]
 [ 0.54359175 -0.99914378 -0.9958153   0.70300911]]
14	[[ 0.5850541   0.36547118 -0.75193316  0.63086331]
 [ 0.07391116 -0.53048554  0.54112052  0.66699845]
 [ 0.92996644  0.04263614 -0.2583902  -0.00294969]
 [ 0.30877558 -0.03560493 -0.33880831 -0.220293  ]
 [ 0.01601197  0.41369307 -0.63824922  0.12256891]
 [ 0.54359175 -0.99914378 -0.9958153   0.70300911]]
15	[[ 0.5850541   0.36547118 -0.75193316  0.63086331]
 [ 0.07391116 -0.53048554  0.54112052  0.66699845]
 [ 0.92996644  0.04263614 -0.2583902  -0.00294969]
 [ 0.30877558 -0.03560493 -0.33880831 -0.220293  ]
 [ 0.01601197  0.41369307 -0.63824922  0.12256891]
 [ 0.54359175 -0.99914378 -0.9958153   0.70300911]]
1	[[ 0.84550082  0.21449724  0.53554611  0.7011025 ]
 [-0.02145136  0.74222198  0.06080729  0.79567263]
 [-0.01751154 -0.93338407 -0.13030716  0.36291107]
 [-0.11314555 -0.26647366 -0.45418931  0.63037608]
 [ 0.30115084  0.19044173  0.84297741  0.1165699 ]
 [-0.86654822  0.58873911  0.74584276  0.24279417]]
1	[[-0.92965798  0.38580825  0.80535922 -0.4876859 ]
 [ 0.45485011  0.97881223  0.99635324  0.60091306]
 [-0.54970588 -0.03941303 -0.43999688 -0.56834371]
 [ 0.50055993 -0.28588278  0.4859172   0.85093894]
 [ 0.58406399  0.11738812 -0.82384501  0.0934738 ]
 [ 0.24013248  0.82240162  0.40321092 -0.10670591]]
2	[[-0.92965798  0.38580825  0.80535922 -0.4876859 ]
 [ 0.45485011  0.97881223  0.99635324  0.60091306]
 [-0.54970588 -0.03941303 -0.43999688 -0.56834371]
 [ 0.50055993 -0.28588278  0.4859172   0.85093894]
 [ 0.58406399  0.11738812 -0.82384501  0.0934738 ]
 [ 0.24013248  0.82240162  0.40321092 -0.10670591]]
3	[[-0.92965798  0.38580825  0.80535922 -0.4876859 ]
 [ 0.45485011  0.97881223  0.99635324  0.60091306]
 [-0.54970588 -0.03941303 -0.43999688 -0.56834371]
 [ 0.50055993 -0.28588278  0.4859172   0.85093894]
 [ 0.58406399  0.11738812 -0.82384501  0.0934738 ]
 [ 0.24013248  0.82240162  0.40321092 -0.10670591]]
4	[[-0.92965798  0.38580825  0.80535922 -0.4876859 ]
 [ 0.45485011  0.97881223  0.99635324  0.60091306]
 [-0.54970588 -0.03941303 -0.43999688 -0.56834371]
 [ 0.50055993 -0.28588278  0.4859172   0.85093894]
 [ 0.58406399  0.11738812 -0.82384501  0.0934738 ]
 [ 0.24013248  0.82240162  0.40321092 -0.10670591]]
5	[[-0.92965798  0.38580825  0.80535922 -0.4876859 ]
 [ 0.45485011  0.97881223  0.99635324  0.60091306]
 [-0.54970588 -0.03941303 -0.43999688 -0.56834371]
 [ 0.50055993 -0.28588278  0.4859172   0.85093894]
 [ 0.58406399  0.11738812 -0.82384501  0.0934738 ]
 [ 0.24013248  0.82240162  0.40321092 -0.10670591]]
6	[[-0.92965798  0.38580825  0.80535922 -0.4876859 ]
 [ 0.45485011  0.97881223  0.99635324  0.60091306]
 [-0.54970588 -0.03941303 -0.43999688 -0.56834371]
 [ 0.50055993 -0.28588278  0.4859172   0.85093894]
 [ 0.58406399  0.11738812 -0.82384501  0.0934738 ]
 [ 0.24013248  0.82240162  0.40321092 -0.10670591]]
7	[[-0.92965798  0.38580825  0.80535922 -0.4876859 ]
 [ 0.45485011  0.97881223  0.99635324  0.60091306]
 [-0.54970588 -0.03941303 -0.43999688 -0.56834371]
 [ 0.50055993 -0.28588278  0.4859172   0.85093894]
 [ 0.58406399  0.11738812 -0.82384501  0.0934738 ]
 [ 0.24013248  0.82240162  0.40321092 -0.10670591]]
8	[[-0.92965798  0.38580825  0.80535922 -0.4876859 ]
 [ 0.45485011  0.97881223  0.99635324  0.60091306]
 [-0.54970588 -0.03941303 -0.43999688 -0.56834371]
 [ 0.50055993 -0.28588278  0.4859172   0.85093894]
 [ 0.58406399  0.11738812 -0.82384501  0.0934738 ]
 [ 0.24013248  0.82240162  0.40321092 -0.10670591]]
9	[[-0.92965798  0.38580825  0.80535922 -0.4876859 ]
 [ 0.45485011  0.97881223  0.99635324  0.60091306]
 [-0.54970588 -0.03941303 -0.43999688 -0.56834371]
 [ 0.50055993 -0.28588278  0.4859172   0.85093894]
 [ 0.58406399  0.11738812 -0.82384501  0.0934738 ]
 [ 0.24013248  0.82240162  0.40321092 -0.10670591]]
10	[[-0.92965798  0.38580825  0.80535922 -0.4876859 ]
 [ 0.45485011  0.97881223  0.99635324  0.60091306]
 [-0.54970588 -0.03941303 -0.43999688 -0.56834371]
 [ 0.50055993 -0.28588278  0.4859172   0.85093894]
 [ 0.58406399  0.11738812 -0.82384501  0.0934738 ]
 [ 0.24013248  0.82240162  0.40321092 -0.10670591]]
11	[[-0.92965798  0.38580825  0.41603257 -0.4876859 ]
 [ 0.45485011  0.97881223  0.99635324  0.60091306]
 [-0.54970588 -0.03941303 -0.43999688 -0.56834371]
 [ 0.50055993 -0.28588278  0.4859172   0.85093894]
 [ 0.58406399  0.11738812 -0.82384501  0.0934738 ]
 [ 0.24013248  0.82240162  0.40321092 -0.10670591]]
12	[[-0.92965798  0.38580825  0.41603257 -0.4876859 ]
 [ 0.45485011  0.97881223  0.99635324  0.60091306]
 [-0.54970588 -0.03941303 -0.43999688 -0.56834371]
 [ 0.50055993 -0.28588278  0.4859172   0.85093894]
 [ 0.58406399  0.11738812 -0.82384501  0.0934738 ]
 [ 0.24013248  0.82240162  0.40321092 -0.10670591]]
13	[[-0.92965798  0.38580825  0.41603257 -0.4876859 ]
 [ 0.45485011  0.97881223  0.99635324  0.60091306]
 [-0.54970588 -0.03941303 -0.43999688 -0.56834371]
 [ 0.50055993 -0.28588278  0.4859172   0.85093894]
 [ 0.58406399  0.11738812 -0.82384501  0.0934738 ]
 [ 0.24013248  0.82240162  0.40321092 -0.10670591]]
14	[[-0.92965798  0.38580825  0.41603257 -0.4876859 ]
 [ 0.45485011  0.97881223  0.99635324  0.60091306]
 [-0.54970588 -0.03941303 -0.43999688 -0.56834371]
 [ 0.50055993 -0.28588278  0.4859172   0.85093894]
 [ 0.58406399  0.11738812 -0.82384501  0.0934738 ]
 [ 0.24013248  0.82240162  0.40321092 -0.10670591]]
15	[[-0.92965798  0.38580825  0.41603257 -0.4876859 ]
 [ 0.45485011  0.97881223  0.99635324  0.60091306]
 [-0.54970588 -0.03941303 -0.43999688 -0.56834371]
 [ 0.50055993 -0.28588278  0.4859172   0.85093894]
 [ 0.58406399  0.11738812 -0.82384501  0.0934738 ]
 [ 0.24013248  0.82240162  0.40321092 -0.10670591]]
16	[[-0.92965798  0.38580825  0.41603257 -0.4876859 ]
 [ 0.45485011  0.97881223  0.99635324  0.60091306]
 [-0.54970588 -0.03941303 -0.43999688 -0.56834371]
 [ 0.50055993 -0.28588278  0.4859172   0.85093894]
 [ 0.58406399  0.11738812 -0.82384501  0.0934738 ]
 [ 0.24013248  0.82240162  0.40321092 -0.10670591]]
17	[[-0.92965798  0.38580825  0.41603257 -0.4876859 ]
 [ 0.45485011  0.97881223  0.99635324  0.60091306]
 [-0.54970588 -0.03941303 -0.43999688 -0.56834371]
 [ 0.50055993 -0.28588278  0.4859172   0.85093894]
 [ 0.58406399  0.11738812 -0.82384501  0.0934738 ]
 [ 0.24013248  0.82240162  0.40321092 -0.10670591]]
18	[[-0.92965798  0.38580825  0.41603257 -0.4876859 ]
 [ 0.45485011  0.97881223  0.99635324  0.60091306]
 [-0.54970588 -0.03941303 -0.43999688 -0.56834371]
 [ 0.50055993 -0.28588278  0.4859172   0.85093894]
 [ 0.58406399  0.11738812 -0.82384501  0.0934738 ]
 [ 0.24013248  0.82240162  0.40321092 -0.10670591]]
19	[[-0.92965798  0.38580825  0.41603257 -0.4876859 ]
 [ 0.45485011  0.97881223  0.99635324  0.60091306]
 [-0.54970588 -0.03941303 -0.43999688 -0.56834371]
 [ 0.50055993 -0.28588278  0.4859172   0.85093894]
 [ 0.58406399  0.11738812 -0.82384501  0.0934738 ]
 [ 0.24013248  0.82240162  0.40321092 -0.10670591]]
20	[[-0.92965798  0.38580825  0.41603257 -0.4876859 ]
 [ 0.45485011  0.97881223  0.99635324  0.60091306]
 [-0.54970588 -0.03941303 -0.43999688 -0.56834371]
 [ 0.50055993 -0.28588278  0.4859172   0.85093894]
 [ 0.58406399  0.11738812 -0.82384501  0.0934738 ]
 [ 0.24013248  0.82240162  0.40321092 -0.10670591]]
21	[[-0.92965798  0.38580825  0.41603257 -0.4876859 ]
 [ 0.45485011  0.97881223  0.99635324  0.60091306]
 [-0.54970588 -0.03941303 -0.43999688 -0.56834371]
 [ 0.50055993 -0.28588278  0.4859172   0.85093894]
 [ 0.58406399  0.11738812 -0.82384501  0.0934738 ]
 [ 0.24013248  0.82240162  0.40321092 -0.10670591]]
22	[[-0.92965798  0.38580825  0.41603257 -0.4876859 ]
 [ 0.45485011  0.97881223  0.99635324  0.60091306]
 [-0.54970588 -0.03941303 -0.43999688 -0.56834371]
 [ 0.50055993 -0.28588278  0.4859172   0.85093894]
 [ 0.58406399  0.11738812 -0.82384501  0.0934738 ]
 [ 0.24013248  0.82240162  0.40321092 -0.10670591]]
23	[[-0.92965798  0.38580825  0.41603257 -0.4876859 ]
 [ 0.45485011  0.97881223  0.99635324  0.60091306]
 [-0.54970588 -0.03941303 -0.43999688 -0.56834371]
 [ 0.50055993 -0.28588278  0.4859172   0.85093894]
 [ 0.58406399  0.11738812 -0.82384501  0.0934738 ]
 [ 0.24013248  0.82240162  0.40321092 -0.10670591]]
24	[[-0.92965798  0.38580825  0.41603257 -0.4876859 ]
 [ 0.45485011  0.97881223  0.99635324  0.60091306]
 [-0.54970588 -0.03941303 -0.43999688 -0.56834371]
 [ 0.50055993 -0.28588278  0.4859172   0.85093894]
 [ 0.58406399  0.11738812 -0.82384501  0.0934738 ]
 [ 0.24013248  0.82240162  0.40321092 -0.10670591]]
25	[[-0.92965798  0.38580825  0.41603257 -0.4876859 ]
 [ 0.45485011  0.97881223  0.99635324  0.60091306]
 [-0.54970588 -0.03941303 -0.43999688 -0.56834371]
 [ 0.50055993 -0.28588278  0.4859172   0.85093894]
 [ 0.58406399  0.11738812 -0.82384501  0.0934738 ]
 [ 0.24013248  0.82240162  0.40321092 -0.10670591]]
26	[[-0.92965798  0.38580825  0.41603257 -0.4876859 ]
 [ 0.45485011  0.97881223  0.99635324  0.60091306]
 [-0.54970588 -0.03941303 -0.43999688 -0.56834371]
 [ 0.50055993 -0.28588278  0.4859172   0.85093894]
 [ 0.58406399  0.11738812 -0.82384501  0.0934738 ]
 [ 0.24013248  0.82240162  0.40321092 -0.10670591]]
27	[[-0.92965798  0.38580825  0.41603257 -0.4876859 ]
 [ 0.45485011  0.97881223  0.99635324  0.60091306]
 [-0.54970588 -0.03941303 -0.43999688 -0.56834371]
 [ 0.50055993 -0.28588278  0.4859172   0.85093894]
 [ 0.58406399  0.11738812 -0.82384501  0.0934738 ]
 [ 0.24013248  0.82240162  0.40321092 -0.10670591]]
28	[[-0.92965798  0.38580825  0.41603257 -0.4876859 ]
 [ 0.45485011  0.97881223  0.99635324  0.60091306]
 [-0.54970588 -0.03941303 -0.43999688 -0.56834371]
 [ 0.50055993 -0.28588278  0.4859172   0.85093894]
 [ 0.58406399  0.11738812 -0.82384501  0.0934738 ]
 [ 0.24013248  0.82240162  0.40321092 -0.10670591]]
29	[[-0.92965798  0.38580825  0.41603257 -0.4876859 ]
 [ 0.45485011  0.97881223  0.99635324  0.60091306]
 [-0.54970588 -0.03941303 -0.43999688 -0.56834371]
 [ 0.50055993 -0.28588278  0.4859172   0.85093894]
 [ 0.58406399  0.11738812 -0.82384501  0.0934738 ]
 [ 0.24013248  0.82240162  0.40321092 -0.10670591]]
30	[[-0.92965798  0.38580825  0.41603257 -0.4876859 ]
 [ 0.45485011  0.97881223  0.99635324  0.60091306]
 [-0.54970588 -0.03941303 -0.43999688 -0.56834371]
 [ 0.50055993 -0.28588278  0.4859172   0.85093894]
 [ 0.58406399  0.11738812 -0.82384501  0.0934738 ]
 [ 0.24013248  0.82240162  0.40321092 -0.10670591]]
31	[[-0.92965798  0.38580825  0.41603257 -0.4876859 ]
 [ 0.45485011  0.97881223  0.99635324  0.60091306]
 [-0.54970588 -0.03941303 -0.43999688 -0.56834371]
 [ 0.50055993 -0.28588278  0.4859172   0.85093894]
 [ 0.58406399  0.11738812 -0.82384501  0.0934738 ]
 [ 0.24013248  0.82240162  0.40321092 -0.10670591]]
32	[[-0.92965798  0.38580825  0.41603257 -0.4876859 ]
 [ 0.45485011  0.97881223  0.99635324  0.60091306]
 [-0.54970588 -0.03941303 -0.43999688 -0.56834371]
 [ 0.50055993 -0.28588278  0.4859172   0.85093894]
 [ 0.58406399  0.11738812 -0.82384501  0.0934738 ]
 [ 0.24013248  0.82240162  0.40321092 -0.10670591]]
33	[[-0.92965798  0.38580825  0.41603257 -0.4876859 ]
 [ 0.45485011  0.97881223  0.99635324  0.60091306]
 [-0.54970588 -0.03941303 -0.43999688 -0.56834371]
 [ 0.50055993 -0.28588278  0.4859172   0.85093894]
 [ 0.58406399  0.11738812 -0.82384501  0.0934738 ]
 [ 0.24013248  0.82240162  0.40321092 -0.10670591]]
34	[[-0.92965798  0.38580825  0.41603257 -0.4876859 ]
 [ 0.45485011  0.97881223  0.99635324  0.60091306]
 [-0.54970588 -0.03941303 -0.43999688 -0.56834371]
 [ 0.50055993 -0.28588278  0.4859172   0.85093894]
 [ 0.58406399  0.11738812 -0.82384501  0.0934738 ]
 [ 0.24013248  0.82240162  0.40321092 -0.10670591]]
35	[[-0.92965798  0.38580825  0.41603257 -0.4876859 ]
 [ 0.45485011  0.97881223  0.99635324  0.60091306]
 [-0.54970588 -0.03941303 -0.43999688 -0.56834371]
 [ 0.50055993 -0.28588278  0.4859172   0.85093894]
 [ 0.58406399  0.11738812 -0.82384501  0.0934738 ]
 [ 0.24013248  0.82240162  0.40321092 -0.10670591]]
36	[[-0.92965798  0.38580825  0.41603257 -0.4876859 ]
 [ 0.45485011  0.97881223  0.99635324  0.60091306]
 [-0.54970588 -0.03941303 -0.43999688 -0.56834371]
 [ 0.50055993 -0.28588278  0.4859172   0.85093894]
 [ 0.58406399  0.11738812 -0.82384501  0.0934738 ]
 [ 0.24013248  0.82240162  0.40321092 -0.10670591]]
37	[[-0.92965798  0.38580825  0.41603257 -0.4876859 ]
 [ 0.45485011  0.97881223  0.99635324  0.60091306]
 [-0.54970588 -0.03941303 -0.43999688 -0.56834371]
 [ 0.50055993 -0.28588278  0.4859172   0.85093894]
 [ 0.58406399  0.11738812 -0.82384501  0.0934738 ]
 [ 0.24013248  0.82240162  0.40321092 -0.10670591]]
38	[[-0.92965798  0.38580825  0.41603257 -0.4876859 ]
 [ 0.45485011  0.97881223  0.99635324  0.60091306]
 [-0.54970588 -0.03941303 -0.43999688 -0.56834371]
 [ 0.50055993 -0.28588278  0.4859172   0.85093894]
 [ 0.58406399  0.11738812 -0.82384501  0.0934738 ]
 [ 0.24013248  0.82240162  0.40321092 -0.10670591]]
39	[[-0.92965798  0.38580825  0.41603257 -0.4876859 ]
 [ 0.45485011  0.97881223  0.99635324  0.60091306]
 [-0.54970588 -0.03941303 -0.43999688 -0.56834371]
 [ 0.50055993 -0.28588278  0.4859172   0.85093894]
 [ 0.58406399  0.11738812 -0.82384501  0.0934738 ]
 [ 0.24013248  0.82240162  0.40321092 -0.10670591]]
1	[[ 0.15124752 -0.47010128 -0.51924865 -0.53156976]
 [-0.75710839  0.25666404 -0.9687331  -0.7384228 ]
 [-0.37973185 -0.52846651  0.12542927 -0.12938281]
 [ 0.15122584 -0.98866948 -0.95159195  0.08267772]
 [-0.02647681 -0.98470534 -0.40569934 -0.95521604]
 [-0.13234302 -0.38642265  0.01995515 -0.2912063 ]]
1	[[ 0.15124752 -0.47010128 -0.51924865 -0.53156976]
 [-0.75710839  0.25666404 -0.9687331  -0.7384228 ]
 [-0.37973185 -0.52846651  0.12542927 -0.12938281]
 [ 0.15122584 -0.98866948 -0.95159195  0.08267772]
 [-0.02647681 -0.98470534 -0.40569934 -0.95521604]
 [-0.13234302 -0.38642265  0.01995515 -0.2912063 ]]
2	[[ 0.15124752 -0.47010128 -0.51924865 -0.53156976]
 [-0.75710839  0.25666404 -0.9687331  -0.7384228 ]
 [-0.37973185 -0.52846651  0.12542927 -0.12938281]
 [ 0.15122584 -0.98866948 -0.95159195  0.08267772]
 [-0.02647681 -0.98470534 -0.40569934 -0.95521604]
 [-0.13234302 -0.38642265  0.01995515 -0.2912063 ]]
3	[[ 0.15124752 -0.47010128 -0.51924865 -0.53156976]
 [-0.75710839  0.25666404 -0.9687331  -0.7384228 ]
 [-0.37973185 -0.52846651  0.12542927 -0.12938281]
 [ 0.15122584 -0.98866948 -0.95159195  0.08267772]
 [-0.02647681 -0.98470534 -0.40569934 -0.95521604]
 [-0.13234302 -0.38642265  0.01995515 -0.2912063 ]]
4	[[ 0.15124752 -0.47010128 -0.51924865 -0.53156976]
 [-0.75710839  0.25666404 -0.9687331  -0.7384228 ]
 [-0.37973185 -0.52846651  0.12542927 -0.12938281]
 [ 0.15122584 -0.98866948 -0.95159195  0.08267772]
 [-0.02647681 -0.98470534 -0.40569934 -0.95521604]
 [-0.13234302 -0.38642265  0.01995515 -0.2912063 ]]
5	[[ 0.15124752 -0.47010128 -0.51924865 -0.53156976]
 [-0.75710839  0.25666404 -0.9687331  -0.7384228 ]
 [-0.37973185 -0.52846651  0.12542927 -0.12938281]
 [ 0.15122584 -0.98866948 -0.95159195  0.08267772]
 [-0.02647681 -0.98470534 -0.40569934 -0.95521604]
 [-0.13234302 -0.38642265  0.01995515 -0.2912063 ]]
6	[[ 0.15124752 -0.47010128 -0.51924865 -0.53156976]
 [-0.75710839  0.25666404 -0.9687331  -0.7384228 ]
 [-0.37973185 -0.52846651  0.12542927 -0.12938281]
 [ 0.15122584 -0.98866948 -0.95159195  0.08267772]
 [-0.02647681 -0.98470534 -0.40569934 -0.95521604]
 [-0.13234302 -0.38642265  0.01995515 -0.2912063 ]]
7	[[ 0.15124752 -0.47010128 -0.51924865 -0.53156976]
 [-0.75710839  0.25666404 -0.9687331  -0.7384228 ]
 [-0.37973185 -0.52846651  0.12542927 -0.12938281]
 [ 0.15122584 -0.98866948 -0.95159195  0.08267772]
 [-0.02647681 -0.98470534 -0.40569934 -0.95521604]
 [-0.13234302 -0.38642265  0.01995515 -0.2912063 ]]
8	[[ 0.15124752 -0.47010128 -0.51924865 -0.53156976]
 [-0.75710839  0.25666404 -0.9687331  -0.7384228 ]
 [-0.37973185 -0.52846651  0.12542927 -0.12938281]
 [ 0.15122584 -0.98866948 -0.95159195  0.08267772]
 [-0.02647681 -0.98470534 -0.40569934 -0.95521604]
 [-0.13234302 -0.38642265  0.01995515 -0.2912063 ]]
9	[[ 0.15124752 -0.47010128 -0.51924865 -0.53156976]
 [-0.75710839  0.25666404 -0.9687331  -0.7384228 ]
 [-0.37973185 -0.52846651  0.12542927 -0.12938281]
 [ 0.15122584 -0.98866948 -0.95159195  0.08267772]
 [-0.02647681 -0.98470534 -0.40569934 -0.95521604]
 [-0.13234302 -0.38642265  0.01995515 -0.2912063 ]]
10	[[ 0.15124752 -0.47010128 -0.51924865 -0.53156976]
 [-0.75710839  0.25666404 -0.9687331  -0.7384228 ]
 [-0.37973185 -0.52846651  0.12542927 -0.12938281]
 [ 0.15122584 -0.98866948 -0.95159195  0.08267772]
 [-0.02647681 -0.98470534 -0.40569934 -0.95521604]
 [-0.13234302 -0.38642265  0.01995515 -0.2912063 ]]
11	[[ 0.15124752 -0.47010128 -0.51924865 -0.53156976]
 [-0.75710839  0.25666404 -0.9687331  -0.7384228 ]
 [-0.37973185 -0.52846651  0.12542927 -0.12938281]
 [ 0.15122584 -0.98866948 -0.95159195  0.08267772]
 [-0.02647681 -0.98470534 -0.40569934 -0.95521604]
 [-0.13234302 -0.38642265  0.01995515 -0.2912063 ]]
12	[[ 0.15124752 -0.47010128 -0.51924865 -0.53156976]
 [-0.75710839  0.25666404 -0.9687331  -0.7384228 ]
 [-0.37973185 -0.52846651  0.12542927 -0.12938281]
 [ 0.15122584 -0.98866948 -0.95159195  0.08267772]
 [-0.02647681 -0.98470534 -0.40569934 -0.95521604]
 [-0.13234302 -0.38642265  0.01995515 -0.2912063 ]]
13	[[ 0.15124752 -0.47010128 -0.51924865 -0.53156976]
 [-0.75710839  0.25666404 -0.9687331  -0.7384228 ]
 [-0.37973185 -0.52846651  0.12542927 -0.12938281]
 [ 0.15122584 -0.98866948 -0.95159195  0.08267772]
 [-0.02647681 -0.98470534 -0.40569934 -0.95521604]
 [-0.13234302 -0.38642265  0.01995515 -0.2912063 ]]
14	[[ 0.15124752 -0.47010128 -0.51924865 -0.53156976]
 [-0.75710839  0.25666404 -0.9687331  -0.7384228 ]
 [-0.37973185 -0.52846651  0.12542927 -0.12938281]
 [ 0.15122584 -0.98866948 -0.95159195  0.08267772]
 [-0.02647681 -0.98470534 -0.40569934 -0.95521604]
 [-0.13234302 -0.38642265  0.01995515 -0.2912063 ]]
15	[[ 0.15124752 -0.47010128 -0.51924865 -0.53156976]
 [-0.75710839  0.25666404 -0.9687331  -0.7384228 ]
 [-0.37973185 -0.52846651  0.12542927 -0.12938281]
 [ 0.15122584 -0.98866948 -0.95159195  0.08267772]
 [-0.02647681 -0.98470534 -0.40569934 -0.95521604]
 [-0.13234302 -0.38642265  0.01995515 -0.2912063 ]]
16	[[ 0.15124752 -0.47010128 -0.51924865 -0.53156976]
 [-0.75710839  0.25666404 -0.9687331  -0.7384228 ]
 [-0.37973185 -0.52846651  0.12542927 -0.12938281]
 [ 0.15122584 -0.98866948 -0.95159195  0.08267772]
 [-0.02647681 -0.98470534 -0.40569934 -0.95521604]
 [-0.13234302 -0.38642265  0.01995515 -0.2912063 ]]
17	[[ 0.15124752 -0.47010128 -0.51924865 -0.53156976]
 [-0.75710839  0.25666404 -0.9687331  -0.7384228 ]
 [-0.37973185 -0.52846651  0.12542927 -0.12938281]
 [ 0.15122584 -0.98866948 -0.95159195  0.08267772]
 [-0.02647681 -0.98470534 -0.40569934 -0.95521604]
 [-0.13234302 -0.38642265  0.01995515 -0.2912063 ]]
18	[[ 0.15124752 -0.47010128 -0.51924865 -0.53156976]
 [-0.75710839  0.25666404 -0.9687331  -0.7384228 ]
 [-0.37973185 -0.52846651  0.12542927 -0.12938281]
 [ 0.15122584 -0.98866948 -0.95159195  0.08267772]
 [-0.02647681 -0.98470534 -0.40569934 -0.95521604]
 [-0.13234302 -0.38642265  0.01995515 -0.2912063 ]]
19	[[ 0.15124752 -0.47010128 -0.51924865 -0.53156976]
 [-0.75710839  0.25666404 -0.9687331  -0.7384228 ]
 [-0.37973185 -0.52846651  0.12542927 -0.12938281]
 [ 0.15122584 -0.98866948 -0.95159195  0.08267772]
 [-0.02647681 -0.98470534 -0.40569934 -0.95521604]
 [-0.13234302 -0.38642265  0.01995515 -0.2912063 ]]
1	[[ 0.35459191 -0.46228039 -0.64345247  0.07521174]
 [-0.23470675 -0.37513757 -0.27309229 -0.58105411]
 [ 0.34680513  0.83676859 -0.73503539  0.29823739]
 [-0.20978813 -0.36345727 -0.28351987  0.71768963]
 [-0.79573629 -0.64415431  0.6484012  -0.14822228]
 [-0.32522012 -0.13328439 -0.47147256 -0.4676    ]]
1	[[ 0.35459191 -0.46228039 -0.64345247  0.07521174]
 [-0.23470675 -0.37513757 -0.27309229 -0.58105411]
 [ 0.34680513  0.83676859 -0.73503539  0.29823739]
 [-0.20978813 -0.36345727 -0.28351987  0.71768963]
 [-0.79573629 -0.64415431  0.6484012  -0.14822228]
 [-0.32522012 -0.13328439 -0.47147256 -0.4676    ]]
1	[[ 0.71852752 -0.37338989 -0.61404152  0.67211522]
 [ 0.46706511 -0.46211036  0.86872544  0.62776303]
 [-0.07957462 -0.67412823 -0.26370967 -0.2683592 ]
 [ 0.3035855   0.42751585 -0.69355302  0.7757338 ]
 [-0.19500056 -0.47990717  0.71726945  0.36953165]
 [ 0.85518522 -0.71435221 -0.4047076   0.25868535]]
1	[[ 0.71852752 -0.37338989 -0.61404152  0.67211522]
 [ 0.46706511 -0.46211036  0.86872544  0.62776303]
 [-0.07957462 -0.67412823 -0.26370967 -0.2683592 ]
 [ 0.3035855   0.42751585 -0.69355302  0.7757338 ]
 [-0.19500056 -0.47990717  0.71726945  0.36953165]
 [ 0.85518522 -0.71435221 -0.4047076   0.25868535]]
2	[[ 0.71852752 -0.37338989 -0.61404152  0.67211522]
 [ 0.46706511 -0.46211036  0.86872544  0.62776303]
 [-0.07957462 -0.67412823 -0.26370967 -0.2683592 ]
 [ 0.3035855   0.42751585 -0.69355302  0.7757338 ]
 [-0.19500056 -0.47990717  0.71726945  0.36953165]
 [ 0.85518522 -0.71435221 -0.4047076   0.25868535]]
3	[[ 0.71852752 -0.37338989 -0.61404152  0.67211522]
 [ 0.46706511 -0.46211036  0.86872544  0.62776303]
 [-0.07957462 -0.67412823 -0.26370967 -0.2683592 ]
 [ 0.3035855   0.42751585 -0.69355302  0.7757338 ]
 [-0.19500056 -0.47990717  0.71726945  0.36953165]
 [ 0.85518522 -0.71435221 -0.4047076   0.25868535]]
4	[[ 0.71852752 -0.37338989 -0.61404152  0.67211522]
 [ 0.46706511 -0.46211036  0.86872544  0.62776303]
 [-0.07957462 -0.67412823 -0.26370967 -0.2683592 ]
 [ 0.3035855   0.42751585 -0.69355302  0.7757338 ]
 [-0.19500056 -0.47990717  0.71726945  0.36953165]
 [ 0.85518522 -0.71435221 -0.4047076   0.25868535]]
5	[[ 0.71852752 -0.37338989 -0.61404152  0.67211522]
 [ 0.46706511 -0.46211036  0.86872544  0.62776303]
 [-0.07957462 -0.67412823 -0.26370967 -0.2683592 ]
 [ 0.3035855   0.42751585 -0.69355302  0.7757338 ]
 [-0.19500056 -0.47990717  0.71726945  0.36953165]
 [ 0.85518522 -0.71435221 -0.4047076   0.25868535]]
6	[[ 0.71852752 -0.37338989 -0.61404152  0.67211522]
 [ 0.46706511 -0.46211036  0.86872544  0.62776303]
 [-0.07957462 -0.67412823 -0.26370967 -0.2683592 ]
 [ 0.3035855   0.42751585 -0.69355302  0.7757338 ]
 [-0.19500056 -0.47990717  0.71726945  0.36953165]
 [ 0.85518522 -0.71435221 -0.4047076   0.25868535]]
7	[[ 0.71852752 -0.37338989 -0.61404152  0.67211522]
 [ 0.46706511 -0.46211036  0.86872544  0.62776303]
 [-0.07957462 -0.67412823 -0.26370967 -0.2683592 ]
 [ 0.3035855   0.42751585 -0.69355302  0.7757338 ]
 [-0.19500056 -0.47990717  0.71726945  0.36953165]
 [ 0.85518522 -0.71435221 -0.4047076   0.25868535]]
8	[[ 0.71852752 -0.37338989 -0.61404152  0.67211522]
 [ 0.46706511 -0.46211036  0.86872544  0.62776303]
 [-0.07957462 -0.67412823 -0.26370967 -0.2683592 ]
 [ 0.3035855   0.42751585 -0.69355302  0.7757338 ]
 [-0.19500056 -0.47990717  0.71726945  0.36953165]
 [ 0.85518522 -0.71435221 -0.4047076   0.25868535]]
9	[[ 0.71852752 -0.37338989 -0.61404152  0.67211522]
 [ 0.46706511 -0.46211036  0.86872544  0.62776303]
 [-0.07957462 -0.67412823 -0.26370967 -0.2683592 ]
 [ 0.3035855   0.42751585 -0.69355302  0.7757338 ]
 [-0.19500056 -0.47990717  0.71726945  0.36953165]
 [ 0.85518522 -0.71435221 -0.4047076   0.25868535]]
10	[[ 0.71852752 -0.37338989 -0.61404152  0.67211522]
 [ 0.46706511 -0.46211036  0.86872544  0.62776303]
 [-0.07957462 -0.67412823 -0.26370967 -0.2683592 ]
 [ 0.3035855   0.42751585 -0.69355302  0.7757338 ]
 [-0.19500056 -0.47990717  0.71726945  0.36953165]
 [ 0.85518522 -0.71435221 -0.4047076   0.25868535]]
11	[[ 0.71852752 -0.37338989 -0.61404152  0.67211522]
 [ 0.46706511 -0.46211036  0.86872544  0.62776303]
 [-0.07957462 -0.67412823 -0.26370967 -0.2683592 ]
 [ 0.3035855   0.42751585 -0.69355302  0.7757338 ]
 [-0.19500056 -0.47990717  0.71726945  0.36953165]
 [ 0.85518522 -0.71435221 -0.4047076   0.25868535]]
12	[[ 0.71852752 -0.37338989 -0.61404152  0.67211522]
 [ 0.46706511 -0.46211036  0.86872544  0.62776303]
 [-0.07957462 -0.67412823 -0.26370967 -0.2683592 ]
 [ 0.3035855   0.42751585 -0.69355302  0.7757338 ]
 [-0.19500056 -0.47990717  0.71726945  0.36953165]
 [ 0.85518522 -0.71435221 -0.4047076   0.25868535]]
13	[[ 0.71852752 -0.37338989 -0.61404152  0.67211522]
 [ 0.46706511 -0.46211036  0.86872544  0.62776303]
 [-0.07957462 -0.67412823 -0.26370967 -0.2683592 ]
 [ 0.3035855   0.42751585 -0.69355302  0.7757338 ]
 [-0.19500056 -0.47990717  0.71726945  0.36953165]
 [ 0.85518522 -0.71435221 -0.4047076   0.25868535]]
14	[[ 0.71852752 -0.37338989 -0.61404152  0.67211522]
 [ 0.46706511 -0.46211036  0.86872544  0.62776303]
 [-0.07957462 -0.67412823 -0.26370967 -0.2683592 ]
 [ 0.3035855   0.42751585 -0.69355302  0.7757338 ]
 [-0.19500056 -0.47990717  0.71726945  0.36953165]
 [ 0.85518522 -0.71435221 -0.4047076   0.25868535]]
15	[[ 0.71852752 -0.37338989 -0.61404152  0.67211522]
 [ 0.46706511 -0.46211036  0.86872544  0.62776303]
 [-0.07957462 -0.67412823 -0.26370967 -0.2683592 ]
 [ 0.3035855   0.42751585 -0.69355302  0.7757338 ]
 [-0.19500056 -0.47990717  0.71726945  0.36953165]
 [ 0.85518522 -0.71435221 -0.4047076   0.25868535]]
16	[[ 0.71852752 -0.37338989 -0.61404152  0.67211522]
 [ 0.46706511 -0.46211036  0.86872544  0.62776303]
 [-0.07957462 -0.67412823 -0.26370967 -0.2683592 ]
 [ 0.3035855   0.42751585 -0.69355302  0.7757338 ]
 [-0.19500056 -0.47990717  0.71726945  0.36953165]
 [ 0.85518522 -0.71435221 -0.4047076   0.25868535]]
17	[[ 0.71852752 -0.37338989 -0.61404152  0.67211522]
 [ 0.46706511 -0.46211036  0.86872544  0.62776303]
 [-0.07957462 -0.67412823 -0.26370967 -0.2683592 ]
 [ 0.3035855   0.42751585 -0.69355302  0.7757338 ]
 [-0.19500056 -0.47990717  0.71726945  0.36953165]
 [ 0.85518522 -0.71435221 -0.4047076   0.25868535]]
18	[[ 0.71852752 -0.37338989 -0.61404152  0.67211522]
 [ 0.46706511 -0.46211036  0.86872544  0.62776303]
 [-0.07957462 -0.67412823 -0.26370967 -0.2683592 ]
 [ 0.3035855   0.42751585 -0.69355302  0.7757338 ]
 [-0.19500056 -0.47990717  0.71726945  0.36953165]
 [ 0.85518522 -0.71435221 -0.4047076   0.25868535]]
19	[[ 0.71852752 -0.37338989 -0.61404152  0.67211522]
 [ 0.46706511 -0.46211036  0.86872544  0.62776303]
 [-0.07957462 -0.67412823 -0.26370967 -0.2683592 ]
 [ 0.3035855   0.42751585 -0.69355302  0.7757338 ]
 [-0.19500056 -0.47990717  0.71726945  0.36953165]
 [ 0.85518522 -0.71435221 -0.4047076   0.25868535]]
20	[[ 0.71852752 -0.37338989 -0.61404152  0.67211522]
 [ 0.46706511 -0.46211036  0.86872544  0.62776303]
 [-0.07957462 -0.67412823 -0.26370967 -0.2683592 ]
 [ 0.3035855   0.42751585 -0.69355302  0.7757338 ]
 [-0.19500056 -0.47990717  0.71726945  0.36953165]
 [ 0.85518522 -0.71435221 -0.4047076   0.25868535]]
21	[[ 0.71852752 -0.37338989 -0.61404152  0.67211522]
 [ 0.46706511 -0.46211036  0.86872544  0.62776303]
 [-0.07957462 -0.67412823 -0.26370967 -0.2683592 ]
 [ 0.3035855   0.42751585 -0.69355302  0.7757338 ]
 [-0.19500056 -0.47990717  0.71726945  0.36953165]
 [ 0.85518522 -0.71435221 -0.4047076   0.25868535]]
22	[[ 0.71852752 -0.37338989 -0.61404152  0.67211522]
 [ 0.46706511 -0.46211036  0.86872544  0.62776303]
 [-0.07957462 -0.67412823 -0.26370967 -0.2683592 ]
 [ 0.3035855   0.42751585 -0.69355302  0.7757338 ]
 [-0.19500056 -0.47990717  0.71726945  0.36953165]
 [ 0.85518522 -0.71435221 -0.4047076   0.25868535]]
23	[[ 0.71852752 -0.37338989 -0.61404152  0.67211522]
 [ 0.46706511 -0.46211036  0.86872544  0.62776303]
 [-0.07957462 -0.67412823 -0.26370967 -0.2683592 ]
 [ 0.3035855   0.42751585 -0.69355302  0.7757338 ]
 [-0.19500056 -0.47990717  0.71726945  0.36953165]
 [ 0.85518522 -0.71435221 -0.4047076   0.25868535]]
24	[[ 0.71852752 -0.37338989 -0.61404152  0.67211522]
 [ 0.46706511 -0.46211036  0.86872544  0.62776303]
 [-0.07957462 -0.67412823 -0.26370967 -0.2683592 ]
 [ 0.3035855   0.42751585 -0.69355302  0.7757338 ]
 [-0.19500056 -0.47990717  0.71726945  0.36953165]
 [ 0.85518522 -0.71435221 -0.4047076   0.25868535]]
25	[[ 0.71852752 -0.37338989 -0.61404152  0.67211522]
 [ 0.46706511 -0.46211036  0.86872544  0.62776303]
 [-0.07957462 -0.67412823 -0.26370967 -0.2683592 ]
 [ 0.3035855   0.42751585 -0.69355302  0.7757338 ]
 [-0.19500056 -0.47990717  0.71726945  0.36953165]
 [ 0.85518522 -0.71435221 -0.4047076   0.25868535]]
26	[[ 0.71852752 -0.37338989 -0.61404152  0.67211522]
 [ 0.46706511 -0.46211036  0.86872544  0.62776303]
 [-0.07957462 -0.67412823 -0.26370967 -0.2683592 ]
 [ 0.3035855   0.42751585 -0.69355302  0.7757338 ]
 [-0.19500056 -0.47990717  0.71726945  0.36953165]
 [ 0.85518522 -0.71435221 -0.4047076   0.25868535]]
27	[[ 0.71852752 -0.37338989 -0.61404152  0.67211522]
 [ 0.46706511 -0.46211036  0.86872544  0.62776303]
 [-0.07957462 -0.67412823 -0.26370967 -0.2683592 ]
 [ 0.3035855   0.42751585 -0.69355302  0.7757338 ]
 [-0.19500056 -0.47990717  0.71726945  0.36953165]
 [ 0.85518522 -0.71435221 -0.4047076   0.25868535]]
28	[[ 0.71852752 -0.37338989 -0.61404152  0.67211522]
 [ 0.46706511 -0.46211036  0.86872544  0.62776303]
 [-0.07957462 -0.67412823 -0.26370967 -0.2683592 ]
 [ 0.3035855   0.42751585 -0.69355302  0.7757338 ]
 [-0.19500056 -0.47990717  0.71726945  0.36953165]
 [ 0.85518522 -0.71435221 -0.4047076   0.25868535]]
29	[[ 0.71852752 -0.37338989 -0.61404152  0.67211522]
 [ 0.46706511 -0.46211036  0.86872544  0.62776303]
 [-0.07957462 -0.67412823 -0.26370967 -0.2683592 ]
 [ 0.3035855   0.42751585 -0.69355302  0.7757338 ]
 [-0.19500056 -0.47990717  0.71726945  0.36953165]
 [ 0.85518522 -0.71435221 -0.4047076   0.25868535]]
30	[[ 0.71852752 -0.37338989 -0.61404152  0.67211522]
 [ 0.46706511 -0.46211036  0.86872544  0.62776303]
 [-0.07957462 -0.67412823 -0.26370967 -0.2683592 ]
 [ 0.3035855   0.42751585 -0.69355302  0.7757338 ]
 [-0.19500056 -0.47990717  0.71726945  0.36953165]
 [ 0.85518522 -0.71435221 -0.4047076   0.25868535]]
31	[[ 0.71852752 -0.37338989 -0.61404152  0.67211522]
 [ 0.46706511 -0.46211036  0.86872544  0.62776303]
 [-0.07957462 -0.67412823 -0.26370967 -0.2683592 ]
 [ 0.3035855   0.42751585 -0.69355302  0.7757338 ]
 [-0.19500056 -0.47990717  0.71726945  0.36953165]
 [ 0.85518522 -0.71435221 -0.4047076   0.25868535]]
32	[[ 0.71852752 -0.37338989 -0.61404152  0.67211522]
 [ 0.46706511 -0.46211036  0.86872544  0.62776303]
 [-0.07957462 -0.67412823 -0.26370967 -0.2683592 ]
 [ 0.3035855   0.42751585 -0.69355302  0.7757338 ]
 [-0.19500056 -0.47990717  0.71726945  0.36953165]
 [ 0.85518522 -0.71435221 -0.4047076   0.25868535]]
33	[[ 0.71852752 -0.37338989 -0.61404152  0.67211522]
 [ 0.46706511 -0.46211036  0.86872544  0.62776303]
 [-0.07957462 -0.67412823 -0.26370967 -0.2683592 ]
 [ 0.3035855   0.42751585 -0.69355302  0.7757338 ]
 [-0.19500056 -0.47990717  0.71726945  0.36953165]
 [ 0.85518522 -0.71435221 -0.4047076   0.25868535]]
34	[[ 0.71852752 -0.37338989 -0.61404152  0.67211522]
 [ 0.46706511 -0.46211036  0.86872544  0.62776303]
 [-0.07957462 -0.67412823 -0.26370967 -0.2683592 ]
 [ 0.3035855   0.42751585 -0.69355302  0.7757338 ]
 [-0.19500056 -0.47990717  0.71726945  0.36953165]
 [ 0.85518522 -0.71435221 -0.4047076   0.25868535]]
35	[[ 0.71852752 -0.37338989 -0.61404152  0.67211522]
 [ 0.46706511 -0.46211036  0.86872544  0.62776303]
 [-0.07957462 -0.67412823 -0.26370967 -0.2683592 ]
 [ 0.3035855   0.42751585 -0.69355302  0.7757338 ]
 [-0.19500056 -0.47990717  0.71726945  0.36953165]
 [ 0.85518522 -0.71435221 -0.4047076   0.25868535]]
36	[[ 0.71852752 -0.37338989 -0.61404152  0.67211522]
 [ 0.46706511 -0.46211036  0.86872544  0.62776303]
 [-0.07957462 -0.67412823 -0.26370967 -0.2683592 ]
 [ 0.3035855   0.42751585 -0.69355302  0.7757338 ]
 [-0.19500056 -0.47990717  0.71726945  0.36953165]
 [ 0.85518522 -0.71435221 -0.4047076   0.25868535]]
37	[[ 0.71852752 -0.37338989 -0.61404152  0.67211522]
 [ 0.46706511 -0.46211036  0.86872544  0.62776303]
 [-0.07957462 -0.67412823 -0.26370967 -0.2683592 ]
 [ 0.3035855   0.42751585 -0.69355302  0.7757338 ]
 [-0.19500056 -0.47990717  0.71726945  0.36953165]
 [ 0.85518522 -0.71435221 -0.4047076   0.25868535]]
38	[[ 0.71852752 -0.37338989 -0.61404152  0.67211522]
 [ 0.46706511 -0.46211036  0.86872544  0.62776303]
 [-0.07957462 -0.67412823 -0.26370967 -0.2683592 ]
 [ 0.3035855   0.42751585 -0.69355302  0.7757338 ]
 [-0.19500056 -0.47990717  0.71726945  0.36953165]
 [ 0.85518522 -0.71435221 -0.4047076   0.25868535]]
39	[[ 0.71852752 -0.37338989 -0.61404152  0.67211522]
 [ 0.46706511 -0.46211036  0.86872544  0.62776303]
 [-0.07957462 -0.67412823 -0.26370967 -0.2683592 ]
 [ 0.3035855   0.42751585 -0.69355302  0.7757338 ]
 [-0.19500056 -0.47990717  0.71726945  0.36953165]
 [ 0.85518522 -0.71435221 -0.4047076   0.25868535]]
40	[[ 0.71852752 -0.37338989 -0.61404152  0.67211522]
 [ 0.46706511 -0.46211036  0.86872544  0.62776303]
 [-0.07957462 -0.67412823 -0.26370967 -0.2683592 ]
 [ 0.3035855   0.42751585 -0.69355302  0.7757338 ]
 [-0.19500056 -0.47990717  0.71726945  0.36953165]
 [ 0.85518522 -0.71435221 -0.4047076   0.25868535]]
41	[[ 0.71852752 -0.37338989 -0.61404152  0.67211522]
 [ 0.46706511 -0.46211036  0.86872544  0.62776303]
 [-0.07957462 -0.67412823 -0.26370967 -0.2683592 ]
 [ 0.3035855   0.42751585 -0.69355302  0.7757338 ]
 [-0.19500056 -0.47990717  0.71726945  0.36953165]
 [ 0.85518522 -0.71435221 -0.4047076   0.25868535]]
42	[[ 0.71852752 -0.37338989 -0.61404152  0.67211522]
 [ 0.46706511 -0.46211036  0.86872544  0.62776303]
 [-0.07957462 -0.67412823 -0.26370967 -0.2683592 ]
 [ 0.3035855   0.42751585 -0.69355302  0.7757338 ]
 [-0.19500056 -0.47990717  0.71726945  0.36953165]
 [ 0.85518522 -0.71435221 -0.4047076   0.25868535]]
43	[[ 0.71852752 -0.37338989 -0.61404152  0.67211522]
 [ 0.46706511 -0.46211036  0.86872544  0.62776303]
 [-0.07957462 -0.67412823 -0.26370967 -0.2683592 ]
 [ 0.3035855   0.42751585 -0.69355302  0.7757338 ]
 [-0.19500056 -0.47990717  0.71726945  0.36953165]
 [ 0.85518522 -0.71435221 -0.4047076   0.25868535]]
44	[[ 0.71852752 -0.37338989 -0.61404152  0.67211522]
 [ 0.46706511 -0.46211036  0.86872544  0.62776303]
 [-0.07957462 -0.67412823 -0.26370967 -0.2683592 ]
 [ 0.3035855   0.42751585 -0.69355302  0.7757338 ]
 [-0.19500056 -0.47990717  0.71726945  0.36953165]
 [ 0.85518522 -0.71435221 -0.4047076   0.25868535]]
45	[[ 0.71852752 -0.37338989 -0.61404152  0.67211522]
 [ 0.46706511 -0.46211036  0.86872544  0.62776303]
 [-0.07957462 -0.67412823 -0.26370967 -0.2683592 ]
 [ 0.3035855   0.42751585 -0.69355302  0.7757338 ]
 [-0.19500056 -0.47990717  0.71726945  0.36953165]
 [ 0.85518522 -0.71435221 -0.4047076   0.25868535]]
46	[[ 0.71852752 -0.37338989 -0.61404152  0.67211522]
 [ 0.46706511 -0.46211036  0.86872544  0.62776303]
 [-0.07957462 -0.67412823 -0.26370967 -0.2683592 ]
 [ 0.3035855   0.42751585 -0.69355302  0.7757338 ]
 [-0.19500056 -0.47990717  0.71726945  0.36953165]
 [ 0.85518522 -0.71435221 -0.4047076   0.25868535]]
47	[[ 0.71852752 -0.37338989 -0.61404152  0.67211522]
 [ 0.46706511 -0.46211036  0.86872544  0.62776303]
 [-0.07957462 -0.67412823 -0.26370967 -0.2683592 ]
 [ 0.3035855   0.42751585 -0.69355302  0.7757338 ]
 [-0.19500056 -0.47990717  0.71726945  0.36953165]
 [ 0.85518522 -0.71435221 -0.4047076   0.25868535]]
48	[[ 0.71852752 -0.37338989 -0.61404152  0.67211522]
 [ 0.46706511 -0.46211036  0.86872544  0.62776303]
 [-0.07957462 -0.67412823 -0.26370967 -0.2683592 ]
 [ 0.3035855   0.42751585 -0.69355302  0.7757338 ]
 [-0.19500056 -0.47990717  0.71726945  0.36953165]
 [ 0.85518522 -0.71435221 -0.4047076   0.25868535]]
49	[[ 0.71852752 -0.37338989 -0.61404152  0.67211522]
 [ 0.46706511 -0.46211036  0.86872544  0.62776303]
 [-0.07957462 -0.67412823 -0.26370967 -0.2683592 ]
 [ 0.3035855   0.42751585 -0.69355302  0.7757338 ]
 [-0.19500056 -0.47990717  0.71726945  0.36953165]
 [ 0.85518522 -0.71435221 -0.4047076   0.25868535]]
50	[[ 0.71852752 -0.37338989 -0.61404152  0.67211522]
 [ 0.46706511 -0.46211036  0.86872544  0.62776303]
 [-0.07957462 -0.67412823 -0.26370967 -0.2683592 ]
 [ 0.3035855   0.42751585 -0.69355302  0.7757338 ]
 [-0.19500056 -0.47990717  0.71726945  0.36953165]
 [ 0.85518522 -0.71435221 -0.4047076   0.25868535]]
51	[[ 0.71852752 -0.37338989 -0.61404152  0.67211522]
 [ 0.46706511 -0.46211036  0.86872544  0.62776303]
 [-0.07957462 -0.67412823 -0.26370967 -0.2683592 ]
 [ 0.3035855   0.42751585 -0.69355302  0.7757338 ]
 [-0.19500056 -0.47990717  0.71726945  0.36953165]
 [ 0.85518522 -0.71435221 -0.4047076   0.25868535]]
52	[[ 0.71852752 -0.37338989 -0.61404152  0.67211522]
 [ 0.46706511 -0.46211036  0.86872544  0.62776303]
 [-0.07957462 -0.67412823 -0.26370967 -0.2683592 ]
 [ 0.3035855   0.42751585 -0.69355302  0.7757338 ]
 [-0.19500056 -0.47990717  0.71726945  0.36953165]
 [ 0.85518522 -0.71435221 -0.4047076   0.25868535]]
53	[[ 0.71852752 -0.37338989 -0.61404152  0.67211522]
 [ 0.46706511 -0.46211036  0.86872544  0.62776303]
 [-0.07957462 -0.67412823 -0.26370967 -0.2683592 ]
 [ 0.3035855   0.42751585 -0.69355302  0.7757338 ]
 [-0.19500056 -0.47990717  0.71726945  0.36953165]
 [ 0.85518522 -0.71435221 -0.4047076   0.25868535]]
54	[[ 0.71852752 -0.37338989 -0.61404152  0.67211522]
 [ 0.46706511 -0.46211036  0.86872544  0.62776303]
 [-0.07957462 -0.67412823 -0.26370967 -0.2683592 ]
 [ 0.3035855   0.42751585 -0.69355302  0.7757338 ]
 [-0.19500056 -0.47990717  0.71726945  0.36953165]
 [ 0.85518522 -0.71435221 -0.4047076   0.25868535]]
55	[[ 0.71852752 -0.37338989 -0.61404152  0.67211522]
 [ 0.46706511 -0.46211036  0.86872544  0.62776303]
 [-0.07957462 -0.67412823 -0.26370967 -0.2683592 ]
 [ 0.3035855   0.42751585 -0.69355302  0.7757338 ]
 [-0.19500056 -0.47990717  0.71726945  0.36953165]
 [ 0.85518522 -0.71435221 -0.4047076   0.25868535]]
56	[[ 0.71852752 -0.37338989 -0.61404152  0.67211522]
 [ 0.46706511 -0.46211036  0.86872544  0.62776303]
 [-0.07957462 -0.67412823 -0.26370967 -0.2683592 ]
 [ 0.3035855   0.42751585 -0.69355302  0.7757338 ]
 [-0.19500056 -0.47990717  0.71726945  0.36953165]
 [ 0.85518522 -0.71435221 -0.4047076   0.25868535]]
57	[[ 0.71852752 -0.37338989 -0.61404152  0.67211522]
 [ 0.46706511 -0.46211036  0.86872544  0.62776303]
 [-0.07957462 -0.67412823 -0.26370967 -0.2683592 ]
 [ 0.3035855   0.42751585 -0.69355302  0.7757338 ]
 [-0.19500056 -0.47990717  0.71726945  0.36953165]
 [ 0.85518522 -0.71435221 -0.4047076   0.25868535]]
58	[[ 0.71852752 -0.37338989 -0.61404152  0.67211522]
 [ 0.46706511 -0.46211036  0.86872544  0.62776303]
 [-0.07957462 -0.67412823 -0.26370967 -0.2683592 ]
 [ 0.3035855   0.42751585 -0.69355302  0.7757338 ]
 [-0.19500056 -0.47990717  0.71726945  0.36953165]
 [ 0.85518522 -0.71435221 -0.4047076   0.25868535]]
59	[[ 0.71852752 -0.37338989 -0.61404152  0.67211522]
 [ 0.46706511 -0.46211036  0.86872544  0.62776303]
 [-0.07957462 -0.67412823 -0.26370967 -0.2683592 ]
 [ 0.3035855   0.42751585 -0.69355302  0.7757338 ]
 [-0.19500056 -0.47990717  0.71726945  0.36953165]
 [ 0.85518522 -0.71435221 -0.4047076   0.25868535]]
60	[[ 0.71852752 -0.37338989 -0.61404152  0.67211522]
 [ 0.46706511 -0.46211036  0.86872544  0.62776303]
 [-0.07957462 -0.67412823 -0.26370967 -0.2683592 ]
 [ 0.3035855   0.42751585 -0.69355302  0.7757338 ]
 [-0.19500056 -0.47990717  0.71726945  0.36953165]
 [ 0.85518522 -0.71435221 -0.4047076   0.25868535]]
61	[[ 0.71852752 -0.37338989 -0.61404152  0.67211522]
 [ 0.46706511 -0.46211036  0.86872544  0.62776303]
 [-0.07957462 -0.67412823 -0.26370967 -0.2683592 ]
 [ 0.3035855   0.42751585 -0.69355302  0.7757338 ]
 [-0.19500056 -0.47990717  0.71726945  0.36953165]
 [ 0.85518522 -0.71435221 -0.4047076   0.25868535]]
62	[[ 0.71852752 -0.37338989 -0.61404152  0.67211522]
 [ 0.46706511 -0.46211036  0.86872544  0.62776303]
 [-0.07957462 -0.67412823 -0.26370967 -0.2683592 ]
 [ 0.3035855   0.42751585 -0.69355302  0.7757338 ]
 [-0.19500056 -0.47990717  0.71726945  0.36953165]
 [ 0.85518522 -0.71435221 -0.4047076   0.25868535]]
63	[[ 0.71852752 -0.37338989 -0.61404152  0.67211522]
 [ 0.46706511 -0.46211036  0.86872544  0.62776303]
 [-0.07957462 -0.67412823 -0.26370967 -0.2683592 ]
 [ 0.3035855   0.42751585 -0.69355302  0.7757338 ]
 [-0.19500056 -0.47990717  0.71726945  0.36953165]
 [ 0.85518522 -0.71435221 -0.4047076   0.25868535]]
64	[[ 0.71852752 -0.37338989 -0.61404152  0.67211522]
 [ 0.46706511 -0.46211036  0.86872544  0.62776303]
 [-0.07957462 -0.67412823 -0.26370967 -0.2683592 ]
 [ 0.3035855   0.42751585 -0.69355302  0.7757338 ]
 [-0.19500056 -0.47990717  0.71726945  0.36953165]
 [ 0.85518522 -0.71435221 -0.4047076   0.25868535]]
65	[[ 0.71852752 -0.37338989 -0.61404152  0.67211522]
 [ 0.46706511 -0.46211036  0.86872544  0.62776303]
 [-0.07957462 -0.67412823 -0.26370967 -0.2683592 ]
 [ 0.3035855   0.42751585 -0.69355302  0.7757338 ]
 [-0.19500056 -0.47990717  0.71726945  0.36953165]
 [ 0.85518522 -0.71435221 -0.4047076   0.25868535]]
66	[[ 0.71852752 -0.37338989 -0.61404152  0.67211522]
 [ 0.46706511 -0.46211036  0.86872544  0.62776303]
 [-0.07957462 -0.67412823 -0.26370967 -0.2683592 ]
 [ 0.3035855   0.42751585 -0.69355302  0.7757338 ]
 [-0.19500056 -0.47990717  0.71726945  0.36953165]
 [ 0.85518522 -0.71435221 -0.4047076   0.25868535]]
67	[[ 0.71852752 -0.37338989 -0.61404152  0.67211522]
 [ 0.46706511 -0.46211036  0.86872544  0.62776303]
 [-0.07957462 -0.67412823 -0.26370967 -0.2683592 ]
 [ 0.3035855   0.42751585 -0.69355302  0.7757338 ]
 [-0.19500056 -0.47990717  0.71726945  0.36953165]
 [ 0.85518522 -0.71435221 -0.4047076   0.25868535]]
68	[[ 0.71852752 -0.37338989 -0.61404152  0.67211522]
 [ 0.46706511 -0.46211036  0.86872544  0.62776303]
 [-0.07957462 -0.67412823 -0.26370967 -0.2683592 ]
 [ 0.3035855   0.42751585 -0.69355302  0.7757338 ]
 [-0.19500056 -0.47990717  0.71726945  0.36953165]
 [ 0.85518522 -0.71435221 -0.4047076   0.25868535]]
69	[[ 0.71852752 -0.37338989 -0.61404152  0.67211522]
 [ 0.46706511 -0.46211036  0.86872544  0.62776303]
 [-0.07957462 -0.67412823 -0.26370967 -0.2683592 ]
 [ 0.3035855   0.42751585 -0.69355302  0.7757338 ]
 [-0.19500056 -0.47990717  0.71726945  0.36953165]
 [ 0.85518522 -0.71435221 -0.4047076   0.25868535]]
70	[[ 0.71852752 -0.37338989 -0.61404152  0.67211522]
 [ 0.46706511 -0.46211036  0.86872544  0.62776303]
 [-0.07957462 -0.67412823 -0.26370967 -0.2683592 ]
 [ 0.3035855   0.42751585 -0.69355302  0.7757338 ]
 [-0.19500056 -0.47990717  0.71726945  0.36953165]
 [ 0.85518522 -0.71435221 -0.4047076   0.25868535]]
71	[[ 0.71852752 -0.37338989 -0.61404152  0.67211522]
 [ 0.46706511 -0.46211036  0.86872544  0.62776303]
 [-0.07957462 -0.67412823 -0.26370967 -0.2683592 ]
 [ 0.3035855   0.42751585 -0.69355302  0.7757338 ]
 [-0.19500056 -0.47990717  0.71726945  0.36953165]
 [ 0.85518522 -0.71435221 -0.4047076   0.25868535]]
72	[[ 0.71852752 -0.37338989 -0.61404152  0.67211522]
 [ 0.46706511 -0.46211036  0.86872544  0.62776303]
 [-0.07957462 -0.67412823 -0.26370967 -0.2683592 ]
 [ 0.3035855   0.42751585 -0.69355302  0.7757338 ]
 [-0.19500056 -0.47990717  0.71726945  0.36953165]
 [ 0.85518522 -0.71435221 -0.4047076   0.25868535]]
73	[[ 0.71852752 -0.37338989 -0.61404152  0.67211522]
 [ 0.46706511 -0.46211036  0.86872544  0.62776303]
 [-0.07957462 -0.67412823 -0.26370967 -0.2683592 ]
 [ 0.3035855   0.42751585 -0.69355302  0.7757338 ]
 [-0.19500056 -0.47990717  0.71726945  0.36953165]
 [ 0.85518522 -0.71435221 -0.4047076   0.25868535]]
74	[[ 0.71852752 -0.37338989 -0.61404152  0.67211522]
 [ 0.46706511 -0.46211036  0.86872544  0.62776303]
 [-0.07957462 -0.67412823 -0.26370967 -0.2683592 ]
 [ 0.3035855   0.42751585 -0.69355302  0.7757338 ]
 [-0.19500056 -0.47990717  0.71726945  0.36953165]
 [ 0.85518522 -0.71435221 -0.4047076   0.25868535]]
75	[[ 0.71852752 -0.37338989 -0.61404152  0.67211522]
 [ 0.46706511 -0.46211036  0.86872544  0.62776303]
 [-0.07957462 -0.67412823 -0.26370967 -0.2683592 ]
 [ 0.3035855   0.42751585 -0.69355302  0.7757338 ]
 [-0.19500056 -0.47990717  0.71726945  0.36953165]
 [ 0.85518522 -0.71435221 -0.4047076   0.25868535]]
1	[[-0.39864361 -0.35641509 -0.47459221 -0.69472872]
 [ 0.44555532  0.77037643  0.72186433  0.22053484]
 [-0.01173322 -0.4301183  -0.18783284 -0.71306672]
 [-0.67695359  0.77001192  0.80156631 -0.4713116 ]
 [-0.75060743 -0.16978611  0.76207499  0.6318313 ]
 [-0.17034794  0.58708766  0.40701367  0.17745803]]
1	[[-0.05277094 -0.55369237 -0.13382088  0.68037489]
 [-0.91940817  0.82369724  0.27893382  0.30213402]
 [-0.67962588  0.70837276 -0.44541729 -0.86855355]
 [ 0.85655165 -0.38706062 -0.54643497 -0.2022395 ]
 [ 0.29610986  0.8668929   0.8759805  -0.5004241 ]
 [-0.4837146   0.92634544  0.77786476 -0.44459552]]
1	[[-0.29876092  0.10994736 -0.26937708  0.7054552 ]
 [-0.12661716 -0.25236859 -0.18018211  0.42822875]
 [ 0.98513014  0.34069684 -0.57372136  0.17914866]
 [ 0.31415641 -0.86144252  0.73435118  0.44345644]
 [ 0.7796404  -0.10502332 -0.39362826 -0.17077649]
 [ 0.74140781 -0.94152599 -0.2121085   0.36848648]]
1	[[-0.29876092  0.10994736 -0.26937708  0.7054552 ]
 [-0.12661716 -0.25236859 -0.18018211  0.42822875]
 [ 0.98513014  0.34069684 -0.57372136  0.17914866]
 [ 0.31415641 -0.86144252  0.73435118  0.44345644]
 [ 0.7796404  -0.10502332 -0.39362826 -0.17077649]
 [ 0.74140781 -0.94152599 -0.2121085   0.36848648]]
1	[[ 0.76314658  0.3645334   0.99851746 -0.15675087]
 [-0.88392422 -0.38872669  0.66258692  0.94892011]
 [-0.26858695 -0.03098821  0.0439891  -0.21977436]
 [ 0.23092167  0.57162172  0.15491268  0.15531799]
 [ 0.50117003  0.04667388 -0.08010465  0.11969299]
 [-0.83630789  0.97021094  0.21263142  0.35092167]]
2	[[ 0.76314658  0.3645334   0.99851746 -0.15675087]
 [-0.88392422 -0.38872669  0.66258692  0.94892011]
 [-0.26858695 -0.03098821  0.0439891  -0.21977436]
 [ 0.23092167  0.57162172  0.15491268  0.15531799]
 [ 0.50117003  0.04667388 -0.08010465  0.11969299]
 [-0.83630789  0.97021094  0.21263142  0.35092167]]
3	[[ 0.76314658  0.3645334   0.99851746 -0.15675087]
 [-0.88392422 -0.38872669  0.66258692  0.94892011]
 [-0.26858695 -0.03098821  0.0439891  -0.21977436]
 [ 0.23092167  0.57162172  0.15491268  0.15531799]
 [ 0.50117003  0.04667388 -0.08010465  0.11969299]
 [-0.83630789  0.97021094  0.21263142  0.35092167]]
4	[[ 0.76314658  0.3645334   0.99851746 -0.15675087]
 [-0.88392422 -0.38872669  0.66258692  0.94892011]
 [-0.26858695 -0.03098821  0.0439891  -0.21977436]
 [ 0.23092167  0.57162172  0.15491268  0.15531799]
 [ 0.50117003  0.04667388 -0.08010465  0.11969299]
 [-0.83630789  0.97021094  0.21263142  0.35092167]]
5	[[ 0.76314658  0.3645334   0.99851746 -0.15675087]
 [-0.88392422 -0.38872669  0.66258692  0.94892011]
 [-0.26858695 -0.03098821  0.0439891  -0.21977436]
 [ 0.23092167  0.57162172  0.15491268  0.15531799]
 [ 0.50117003  0.04667388 -0.08010465  0.11969299]
 [-0.83630789  0.97021094  0.21263142  0.35092167]]
6	[[ 0.76314658  0.3645334   0.99851746 -0.15675087]
 [-0.88392422 -0.38872669  0.66258692  0.94892011]
 [-0.26858695 -0.03098821  0.0439891  -0.21977436]
 [ 0.23092167  0.57162172  0.15491268  0.15531799]
 [ 0.50117003  0.04667388 -0.08010465  0.11969299]
 [-0.83630789  0.97021094  0.21263142  0.35092167]]
7	[[ 0.76314658  0.3645334   0.99851746 -0.15675087]
 [-0.88392422 -0.38872669  0.66258692  0.94892011]
 [-0.26858695 -0.03098821  0.0439891  -0.21977436]
 [ 0.23092167  0.57162172  0.15491268  0.15531799]
 [ 0.50117003  0.04667388 -0.08010465  0.11969299]
 [-0.83630789  0.97021094  0.21263142  0.35092167]]
8	[[ 0.76314658  0.3645334   0.99851746 -0.15675087]
 [-0.88392422 -0.38872669  0.66258692  0.94892011]
 [-0.26858695 -0.03098821  0.0439891  -0.21977436]
 [ 0.23092167  0.57162172  0.15491268  0.15531799]
 [ 0.50117003  0.04667388 -0.08010465  0.11969299]
 [-0.83630789  0.97021094  0.21263142  0.35092167]]
9	[[ 0.76314658  0.3645334   0.99851746 -0.15675087]
 [-0.88392422 -0.38872669  0.66258692  0.94892011]
 [-0.26858695 -0.03098821  0.0439891  -0.21977436]
 [ 0.23092167  0.57162172  0.15491268  0.15531799]
 [ 0.50117003  0.04667388 -0.08010465  0.11969299]
 [-0.83630789  0.97021094  0.21263142  0.35092167]]
10	[[ 0.76314658  0.3645334   0.99851746 -0.15675087]
 [-0.88392422 -0.38872669  0.66258692  0.94892011]
 [-0.26858695 -0.03098821  0.0439891  -0.21977436]
 [ 0.23092167  0.57162172  0.15491268  0.15531799]
 [ 0.50117003  0.04667388 -0.08010465  0.11969299]
 [-0.83630789  0.97021094  0.21263142  0.35092167]]
11	[[ 0.76314658  0.3645334   0.99851746 -0.15675087]
 [-0.88392422 -0.38872669  0.66258692  0.94892011]
 [-0.26858695 -0.03098821  0.0439891  -0.21977436]
 [ 0.23092167  0.57162172  0.15491268  0.15531799]
 [ 0.50117003  0.04667388 -0.08010465  0.11969299]
 [-0.83630789  0.97021094  0.21263142  0.35092167]]
12	[[ 0.76314658  0.3645334   0.99851746 -0.15675087]
 [-0.88392422 -0.38872669  0.66258692  0.94892011]
 [-0.26858695 -0.03098821  0.0439891  -0.21977436]
 [ 0.23092167  0.57162172  0.15491268  0.15531799]
 [ 0.50117003  0.04667388 -0.08010465  0.11969299]
 [-0.83630789  0.97021094  0.21263142  0.35092167]]
13	[[ 0.76314658  0.3645334   0.99851746 -0.15675087]
 [-0.88392422 -0.38872669  0.66258692  0.94892011]
 [-0.26858695 -0.03098821  0.0439891  -0.21977436]
 [ 0.23092167  0.57162172  0.15491268  0.15531799]
 [ 0.50117003  0.04667388 -0.08010465  0.11969299]
 [-0.83630789  0.97021094  0.21263142  0.35092167]]
14	[[ 0.76314658  0.3645334   0.99851746 -0.15675087]
 [-0.88392422 -0.38872669  0.66258692  0.94892011]
 [-0.26858695 -0.03098821  0.0439891  -0.21977436]
 [ 0.23092167  0.57162172  0.15491268  0.15531799]
 [ 0.50117003  0.04667388 -0.08010465  0.11969299]
 [-0.83630789  0.97021094  0.21263142  0.35092167]]
15	[[ 0.76314658  0.3645334   0.99851746 -0.15675087]
 [-0.88392422 -0.38872669  0.66258692  0.94892011]
 [-0.26858695 -0.03098821  0.0439891  -0.21977436]
 [ 0.23092167  0.57162172  0.15491268  0.15531799]
 [ 0.50117003  0.04667388 -0.08010465  0.11969299]
 [-0.83630789  0.97021094  0.21263142  0.35092167]]
16	[[ 0.76314658  0.3645334   0.99851746 -0.15675087]
 [-0.88392422 -0.38872669  0.66258692  0.94892011]
 [-0.26858695 -0.03098821  0.0439891  -0.21977436]
 [ 0.23092167  0.57162172  0.15491268  0.15531799]
 [ 0.50117003  0.04667388 -0.08010465  0.11969299]
 [-0.83630789  0.97021094  0.21263142  0.35092167]]
17	[[ 0.76314658  0.3645334   0.99851746 -0.15675087]
 [-0.88392422 -0.38872669  0.66258692  0.94892011]
 [-0.26858695 -0.03098821  0.0439891  -0.21977436]
 [ 0.23092167  0.57162172  0.15491268  0.15531799]
 [ 0.50117003  0.04667388 -0.08010465  0.11969299]
 [-0.83630789  0.97021094  0.21263142  0.35092167]]
18	[[ 0.76314658  0.3645334   0.99851746 -0.15675087]
 [-0.88392422 -0.38872669  0.66258692  0.94892011]
 [-0.26858695 -0.03098821  0.0439891  -0.21977436]
 [ 0.23092167  0.57162172  0.15491268  0.15531799]
 [ 0.50117003  0.04667388 -0.08010465  0.11969299]
 [-0.83630789  0.97021094  0.21263142  0.35092167]]
19	[[ 0.76314658  0.3645334   0.99851746 -0.15675087]
 [-0.88392422 -0.38872669  0.66258692  0.94892011]
 [-0.26858695 -0.03098821  0.0439891  -0.21977436]
 [ 0.23092167  0.57162172  0.15491268  0.15531799]
 [ 0.50117003  0.04667388 -0.08010465  0.11969299]
 [-0.83630789  0.97021094  0.21263142  0.35092167]]
20	[[ 0.76314658  0.3645334   0.99851746 -0.15675087]
 [-0.88392422 -0.38872669  0.66258692  0.94892011]
 [-0.26858695 -0.03098821  0.0439891  -0.21977436]
 [ 0.23092167  0.57162172  0.15491268  0.15531799]
 [ 0.50117003  0.04667388 -0.08010465  0.11969299]
 [-0.83630789  0.97021094  0.21263142  0.35092167]]
21	[[ 0.76314658  0.3645334   0.99851746 -0.15675087]
 [-0.88392422 -0.38872669  0.66258692  0.94892011]
 [-0.26858695 -0.03098821  0.0439891  -0.21977436]
 [ 0.23092167  0.57162172  0.15491268  0.15531799]
 [ 0.50117003  0.04667388 -0.08010465  0.11969299]
 [-0.83630789  0.97021094  0.21263142  0.35092167]]
22	[[ 0.76314658  0.3645334   0.99851746 -0.15675087]
 [-0.88392422 -0.38872669  0.66258692  0.94892011]
 [-0.26858695 -0.03098821  0.0439891  -0.21977436]
 [ 0.23092167  0.57162172  0.15491268  0.15531799]
 [ 0.50117003  0.04667388 -0.08010465  0.11969299]
 [-0.83630789  0.97021094  0.21263142  0.35092167]]
23	[[ 0.76314658  0.3645334   0.99851746 -0.15675087]
 [-0.88392422 -0.38872669  0.66258692  0.94892011]
 [-0.26858695 -0.03098821  0.0439891  -0.21977436]
 [ 0.23092167  0.57162172  0.15491268  0.15531799]
 [ 0.50117003  0.04667388 -0.08010465  0.11969299]
 [-0.83630789  0.97021094  0.21263142  0.35092167]]
24	[[ 0.76314658  0.3645334   0.99851746 -0.15675087]
 [-0.88392422 -0.38872669  0.66258692  0.94892011]
 [-0.26858695 -0.03098821  0.0439891  -0.21977436]
 [ 0.23092167  0.57162172  0.15491268  0.15531799]
 [ 0.50117003  0.04667388 -0.08010465  0.11969299]
 [-0.83630789  0.97021094  0.21263142  0.35092167]]
25	[[ 0.76314658  0.3645334   0.99851746 -0.15675087]
 [-0.88392422 -0.38872669  0.66258692  0.94892011]
 [-0.26858695 -0.03098821  0.0439891  -0.21977436]
 [ 0.23092167  0.57162172  0.15491268  0.15531799]
 [ 0.50117003  0.04667388 -0.08010465  0.11969299]
 [-0.83630789  0.97021094  0.21263142  0.35092167]]
26	[[ 0.76314658  0.3645334   0.99851746 -0.15675087]
 [-0.88392422 -0.38872669  0.66258692  0.94892011]
 [-0.26858695 -0.03098821  0.0439891  -0.21977436]
 [ 0.23092167  0.57162172  0.15491268  0.15531799]
 [ 0.50117003  0.04667388 -0.08010465  0.11969299]
 [-0.83630789  0.97021094  0.21263142  0.35092167]]
27	[[ 0.76314658  0.3645334   0.99851746 -0.15675087]
 [-0.88392422 -0.38872669  0.66258692  0.94892011]
 [-0.26858695 -0.03098821  0.0439891  -0.21977436]
 [ 0.23092167  0.57162172  0.15491268  0.15531799]
 [ 0.50117003  0.04667388 -0.08010465  0.11969299]
 [-0.83630789  0.97021094  0.21263142  0.35092167]]
28	[[ 0.76314658  0.3645334   0.99851746 -0.15675087]
 [-0.88392422 -0.38872669  0.66258692  0.94892011]
 [-0.26858695 -0.03098821  0.0439891  -0.21977436]
 [ 0.23092167  0.57162172  0.15491268  0.15531799]
 [ 0.50117003  0.04667388 -0.08010465  0.11969299]
 [-0.83630789  0.97021094  0.21263142  0.35092167]]
29	[[ 0.76314658  0.3645334   0.99851746 -0.15675087]
 [-0.88392422 -0.38872669  0.66258692  0.94892011]
 [-0.26858695 -0.03098821  0.0439891  -0.21977436]
 [ 0.23092167  0.57162172  0.15491268  0.15531799]
 [ 0.50117003  0.04667388 -0.08010465  0.11969299]
 [-0.83630789  0.97021094  0.21263142  0.35092167]]
30	[[ 0.76314658  0.3645334   0.99851746 -0.15675087]
 [-0.88392422 -0.38872669  0.66258692  0.94892011]
 [-0.26858695 -0.03098821  0.0439891  -0.21977436]
 [ 0.23092167  0.57162172  0.15491268  0.15531799]
 [ 0.50117003  0.04667388 -0.08010465  0.11969299]
 [-0.83630789  0.97021094  0.21263142  0.35092167]]
31	[[ 0.76314658  0.3645334   0.99851746 -0.15675087]
 [-0.88392422 -0.38872669  0.66258692  0.94892011]
 [-0.26858695 -0.03098821  0.0439891  -0.21977436]
 [ 0.23092167  0.57162172  0.15491268  0.15531799]
 [ 0.50117003  0.04667388 -0.08010465  0.11969299]
 [-0.83630789  0.97021094  0.21263142  0.35092167]]
32	[[ 0.76314658  0.3645334   0.99851746 -0.15675087]
 [-0.88392422 -0.38872669  0.66258692  0.94892011]
 [-0.26858695 -0.03098821  0.0439891  -0.21977436]
 [ 0.23092167  0.57162172  0.15491268  0.15531799]
 [ 0.50117003  0.04667388 -0.08010465  0.11969299]
 [-0.83630789  0.97021094  0.21263142  0.35092167]]
33	[[ 0.76314658  0.3645334   0.99851746 -0.15675087]
 [-0.88392422 -0.38872669  0.66258692  0.94892011]
 [-0.26858695 -0.03098821  0.0439891  -0.21977436]
 [ 0.23092167  0.57162172  0.15491268  0.15531799]
 [ 0.50117003  0.04667388 -0.08010465  0.11969299]
 [-0.83630789  0.97021094  0.21263142  0.35092167]]
34	[[ 0.76314658  0.3645334   0.99851746 -0.15675087]
 [-0.88392422 -0.38872669  0.66258692  0.94892011]
 [-0.26858695 -0.03098821  0.0439891  -0.21977436]
 [ 0.23092167  0.57162172  0.15491268  0.15531799]
 [ 0.50117003  0.04667388 -0.08010465  0.11969299]
 [-0.83630789  0.97021094  0.21263142  0.35092167]]
35	[[ 0.76314658  0.3645334   0.99851746 -0.15675087]
 [-0.88392422 -0.38872669  0.66258692  0.94892011]
 [-0.26858695 -0.03098821  0.0439891  -0.21977436]
 [ 0.23092167  0.57162172  0.15491268  0.15531799]
 [ 0.50117003  0.04667388 -0.08010465  0.11969299]
 [-0.83630789  0.97021094  0.21263142  0.35092167]]
36	[[ 0.76314658  0.3645334   0.99851746 -0.15675087]
 [-0.88392422 -0.38872669  0.66258692  0.94892011]
 [-0.26858695 -0.03098821  0.0439891  -0.21977436]
 [ 0.23092167  0.57162172  0.15491268  0.15531799]
 [ 0.50117003  0.04667388 -0.08010465  0.11969299]
 [-0.83630789  0.97021094  0.21263142  0.35092167]]
37	[[ 0.76314658  0.3645334   0.99851746 -0.15675087]
 [-0.88392422 -0.38872669  0.66258692  0.94892011]
 [-0.26858695 -0.03098821  0.0439891  -0.21977436]
 [ 0.23092167  0.57162172  0.15491268  0.15531799]
 [ 0.50117003  0.04667388 -0.08010465  0.11969299]
 [-0.83630789  0.97021094  0.21263142  0.35092167]]
38	[[ 0.76314658  0.3645334   0.99851746 -0.15675087]
 [-0.88392422 -0.38872669  0.66258692  0.94892011]
 [-0.26858695 -0.03098821  0.0439891  -0.21977436]
 [ 0.23092167  0.57162172  0.15491268  0.15531799]
 [ 0.50117003  0.04667388 -0.08010465  0.11969299]
 [-0.83630789  0.97021094  0.21263142  0.35092167]]
39	[[ 0.76314658  0.3645334   0.99851746 -0.15675087]
 [-0.88392422 -0.38872669  0.66258692  0.94892011]
 [-0.26858695 -0.03098821  0.0439891  -0.21977436]
 [ 0.23092167  0.57162172  0.15491268  0.15531799]
 [ 0.50117003  0.04667388 -0.08010465  0.11969299]
 [-0.83630789  0.97021094  0.21263142  0.35092167]]
40	[[ 0.76314658  0.3645334   0.99851746 -0.15675087]
 [-0.88392422 -0.38872669  0.66258692  0.94892011]
 [-0.26858695 -0.03098821  0.0439891  -0.21977436]
 [ 0.23092167  0.57162172  0.15491268  0.15531799]
 [ 0.50117003  0.04667388 -0.08010465  0.11969299]
 [-0.83630789  0.97021094  0.21263142  0.35092167]]
41	[[ 0.76314658  0.3645334   0.99851746 -0.15675087]
 [-0.88392422 -0.38872669  0.66258692  0.94892011]
 [-0.26858695 -0.03098821  0.0439891  -0.21977436]
 [ 0.23092167  0.57162172  0.15491268  0.15531799]
 [ 0.50117003  0.04667388 -0.08010465  0.11969299]
 [-0.83630789  0.97021094  0.21263142  0.35092167]]
42	[[-0.81974607 -0.13842048  0.22500046 -0.06876663]
 [ 0.99411155 -0.56478991 -0.90324332 -0.25854525]
 [ 0.98155249  0.63210169 -0.52589996  0.06825562]
 [-0.2097545   0.22048188  0.81693419 -0.60307276]
 [ 0.89213535 -0.82324085 -0.90142034 -0.25181689]
 [ 0.39097227  0.24552406 -0.39660396 -0.73430434]]
43	[[-0.81974607 -0.13842048  0.22500046 -0.06876663]
 [ 0.99411155 -0.56478991 -0.90324332 -0.25854525]
 [ 0.98155249  0.63210169 -0.52589996  0.06825562]
 [-0.2097545   0.22048188  0.81693419 -0.60307276]
 [ 0.89213535 -0.82324085 -0.90142034 -0.25181689]
 [ 0.39097227  0.24552406 -0.39660396 -0.73430434]]
44	[[-0.81974607 -0.13842048  0.22500046 -0.06876663]
 [ 0.99411155 -0.56478991 -0.90324332 -0.25854525]
 [ 0.98155249  0.63210169 -0.52589996  0.06825562]
 [-0.2097545   0.22048188  0.81693419 -0.60307276]
 [ 0.89213535 -0.82324085 -0.90142034 -0.25181689]
 [ 0.39097227  0.24552406 -0.39660396 -0.73430434]]
45	[[ 0.76314658  0.3645334   0.99851746 -0.15675087]
 [-0.88392422 -0.38872669  0.66258692  0.94892011]
 [-0.26858695 -0.03098821  0.0439891  -0.21977436]
 [ 0.23092167  0.57162172  0.15491268 -0.22485136]
 [ 0.50117003  0.04667388 -0.08010465  0.11969299]
 [-0.83630789  0.97021094  0.21263142  0.35092167]]
